51
80
44
15
75
26
30
61
9
19
26
93
14
1
23
40
44
67
24
46
37
25
79
18
50
75
42
16
27
79
50
81
90
92
14
81
62
56
88
34
45
94
51
41
58
25
6
70
31
53
52
10
87
58
74
57
89
32
93
86
21
35
65
86
22
44
35
96
69
6
90
8
36
66
78
91
64
94
5
67
58
68
15
81
64
22
14
67
65
88
36
65
10
66
93
43
49
4
36
49
8
53
9
95
18
46
25
80
55
88
63
47
9
61
56
51
35
45
30
41
54
46
65
4
31
60
19
10
25
96
66
14
64
43
88
52
19
24
54
6
7
40
53
93
4
64
96
81
29
49
27
18
20
67
42
70
96
50
98
80
47
91
48
0
9
7
76
55
75
86
20
18
56
85
79
29
30
77
49
73
37
68
65
71
82
59
46
89
59
91
3
8
36
26
2
56
37
38
20
11
37
80
99
32
23
99
21
96
5
24
9
9
96
13
28
39
34
98
14
64
91
92
90
28
18
65
16
92
75
94
2
16
79
80
80
49
56
18
6
18
84
76
62
11
17
89
67
15
67
39
88
83
85
71
10
40
89
44
34
98
56
54
19
43
71
68
5
47
30
83
67
14
14
74
62
25
32
70
55
82
32
59
73
78
59
62
25
85
67
55
49
72
26
98
31
0
59
97
8
31
49
9
15
97
4
94
32
61
50
34
95
33
67
14
38
85
5
20
56
46
91
69
99
24
25
59
77
18
25
19
23
14
93
60
67
74
34
12
88
33
22
36
4
20
22
8
70
23
9
62
30
76
61
47
46
52
71
20
94
62
99
74
60
22
83
21
79
74
33
83
35
35
16
37
94
66
26
61
37
42
94
90
17
11
4
89
17
18
55
5
6
43
75
65
38
21
95
19
78
36
31
53
19
9
5
4
20
7
19
80
95
9
77
42
61
10
62
15
60
0
62
54
0
14
18
74
50
45
20
82
17
21
60
36
38
81
12
41
99
8
17
50
8
16
32
49
8
29
33
40
15
68
50
48
77
46
8
35
62
56
86
54
64
40
18
21
67
13
70
32
31
45
0
23
61
55
91
40
72
17
26
41
71
9
95
22
16
92
9
80
67
48
42
16
66
38
44
63
18
76
34
98
79
21
84
59
76
51
33
26
93
98
6
91
54
18
43
52
67
35
52
11
26
75
23
67
96
22
70
80
67
93
65
34
25
4
97
29
91
70
74
23
49
35
19
11
66
49
53
23
24
36
79
22
18
51
45
3
90
69
43
94
86
62
10
24
70
76
10
35
29
65
43
3
94
65
10
84
82
5
50
34
19
51
1
63
47
98
37
5
95
94
13
86
87
82
13
88
13
22
77
55
22
40
39
95
4
75
47
68
50
62
20
97
33
35
13
4
5
27
30
39
24
90
2
80
27
65
59
7
84
89
44
38
54
43
54
46
13
94
9
52
66
84
47
84
2
0
45
77
5
53
9
51
9
81
15
51
1
63
3
68
79
58
9
11
74
94
65
84
31
29
34
32
42
2
54
96
14
39
39
44
89
74
9
9
69
2
64
12
97
11
45
43
32
0
82
84
92
10
27
18
78
77
13
96
91
42
41
0
16
44
84
59
79
53
62
39
33
78
14
72
67
99
78
57
69
4
32
71
18
9
61
59
79
9
41
76
63
35
25
72
24
14
68
39
65
22
21
71
56
92
34
64
43
10
74
61
98
77
19
53
43
84
22
35
90
38
52
7
56
49
17
72
64
94
39
52
45
1
6
9
60
4
59
15
81
76
56
59
0
69
79
25
35
0
75
38
83
31
64
62
61
16
5
73
30
47
41
78
38
25
23
19
11
51
60
72
30
9
60
40
35
64
64
61
86
31
95
57
41
21
30
77
98
88
42
2
83
77
38
44
97
4
47
55
25
45
93
70
24
1
30
6
3
15
26
23
53
6
26
43
53
32
14
11
19
17
55
60
58
66
86
67
12
53
27
84
99
13
69
6
29
96
95
15
23
21
61
44
66
2
13
12
31
3
85
54
69
91
37
1
48
67
37
75
5
52
77
54
81
80
46
12
40
22
27
67
84
67
96
52
19
45
99
76
42
74
64
8
58
70
59
23
25
71
86
88
6
53
56
18
19
45
30
79
65
72
53
4
34
41
81
59
38
1
80
72
15
70
42
66
80
42
98
86
20
15
47
77
25
56
49
91
76
93
51
28
17
56
81
48
48
26
30
96
77
36
41
3
5
39
90
80
14
76
1
28
35
78
74
88
17
57
67
73
9
11
15
88
38
35
75
54
11
15
16
80
36
56
58
93
97
56
72
53
56
38
0
67
27
54
28
35
31
48
83
0
37
84
19
61
82
21
8
71
42
47
16
99
13
23
37
99
91
61
39
94
78
17
84
2
19
75
17
59
53
42
36
9
77
40
83
55
91
34
4
37
15
22
0
89
81
51
76
72
3
36
61
75
96
57
48
97
89
10
86
63
88
97
78
31
85
42
11
52
63
7
66
46
43
82
81
42
97
71
79
56
32
38
12
12
39
99
12
9
65
50
37
61
81
34
42
55
37
58
67
34
65
22
86
13
81
28
19
41
28
30
41
7
99
94
86
61
21
13
85
53
25
36
98
95
75
81
39
11
92
41
63
6
2
20
93
35
87
87
6
83
65
66
62
14
99
45
41
5
96
32
51
13
35
64
71
74
22
62
86
81
43
39
82
80
28
74
90
15
34
92
70
24
7
58
3
84
81
94
26
38
43
37
40
45
99
37
75
30
18
86
66
28
21
95
62
79
97
82
57
33
17
34
78
64
83
42
87
38
29
18
97
78
34
50
75
18
55
43
18
94
35
43
3
93
67
9
45
37
11
33
79
77
21
91
36
10
34
38
91
10
26
68
98
17
90
49
61
35
56
80
71
44
46
42
46
74
53
14
5
52
84
52
7
20
6
87
38
71
45
49
78
66
93
98
5
69
13
68
48
20
25
49
72
62
37
36
94
73
10
22
44
77
71
97
6
1
52
7
22
83
30
53
16
69
14
68
53
40
61
85
68
70
92
56
15
21
54
11
80
58
59
40
3
88
16
94
99
16
18
54
18
18
23
53
58
72
12
83
16
51
4
74
19
64
82
85
93
84
52
16
23
55
48
41
94
60
88
34
15
58
9
69
11
68
63
65
31
93
37
67
33
38
12
25
24
58
11
7
2
29
23
84
51
66
0
76
57
46
65
84
73
1
56
32
41
76
90
89
0
34
46
99
51
49
20
60
52
68
70
35
22
34
19
65
21
90
64
30
80
2
61
46
45
67
12
22
12
75
89
25
96
82
50
47
36
11
97
57
69
99
24
56
93
84
65
93
8
96
16
54
43
60
59
42
8
4
53
75
0
37
38
73
64
78
23
76
50
66
21
43
55
14
41
7
19
3
55
2
13
34
75
69
30
12
26
66
77
46
98
40
9
22
11
41
70
5
21
30
2
8
70
77
4
81
80
72
32
98
11
6
75
54
66
34
61
77
37
21
76
83
88
77
83
29
26
41
29
63
62
48
84
81
10
69
95
41
94
37
8
23
44
4
86
59
97
74
91
85
33
47
2
3
23
69
17
36
57
69
2
40
96
71
68
19
7
70
61
25
94
65
70
64
90
87
7
14
31
93
42
49
43
59
11
8
14
9
69
37
31
90
59
49
31
54
82
0
80
8
32
9
57
66
80
42
21
69
98
54
77
30
28
0
32
67
93
44
54
16
17
52
57
66
52
9
60
81
10
6
33
46
0
61
47
84
64
37
93
25
77
79
27
9
78
9
11
50
94
58
35
23
31
43
65
66
8
64
99
6
28
18
75
38
84
26
56
12
32
24
91
50
74
5
0
83
68
63
79
64
6
22
48
73
81
8
97
90
99
87
52
99
71
99
16
43
60
7
87
38
26
36
13
26
49
65
93
64
6
43
35
17
4
17
66
71
56
37
3
11
10
49
50
68
45
60
14
5
17
28
45
77
79
45
89
56
85
38
90
55
76
61
48
9
12
58
77
76
32
52
77
31
40
54
42
66
44
8
71
84
34
6
9
2
31
59
46
12
34
0
26
61
2
25
71
52
15
21
40
37
81
25
70
15
57
38
20
4
25
8
21
44
31
84
28
88
18
78
64
50
17
8
94
61
80
78
57
6
88
94
28
46
3
54
26
48
78
50
3
39
13
0
79
57
41
90
90
27
60
49
7
34
13
76
34
99
42
21
0
27
28
6
29
18
82
13
2
24
67
85
92
34
6
23
90
55
51
0
14
85
81
54
24
28
30
70
53
45
63
46
10
55
14
72
50
37
14
7
52
60
86
83
42
2
65
23
12
50
82
87
25
79
76
90
49
99
49
74
60
64
81
57
86
98
98
40
88
36
74
40
6
89
34
28
55
91
42
46
27
98
65
54
91
84
55
68
88
45
54
62
10
23
74
62
44
16
45
95
74
95
48
16
19
17
28
65
85
80
13
21
33
99
73
65
96
13
36
59
52
65
83
32
52
35
84
36
21
45
86
0
54
9
42
34
91
34
26
73
68
18
30
84
84
10
41
20
23
41
69
34
65
20
15
20
74
51
85
72
99
57
34
71
53
34
22
99
74
15
95
0
21
84
68
78
95
61
89
12
84
26
4
70
79
84
31
60
16
93
78
86
12
1
60
16
50
15
18
79
56
87
8
47
48
42
49
5
46
1
2
76
49
92
38
3
23
30
61
2
29
77
23
22
94
87
72
20
95
16
27
74
61
36
52
85
28
57
43
55
10
22
75
44
16
76
23
25
35
18
48
25
54
96
60
55
95
16
19
38
17
48
65
44
46
24
60
50
15
53
8
32
73
61
8
13
49
33
27
35
93
44
61
89
82
49
73
3
62
20
89
86
19
0
68
32
58
97
99
30
42
41
58
58
81
0
98
78
98
56
70
26
88
20
59
39
46
29
18
76
52
16
80
97
99
63
0
63
21
66
29
34
88
46
70
24
69
84
65
51
25
1
16
58
20
51
63
10
54
40
66
34
55
98
22
10
78
6
97
33
67
59
39
89
95
39
12
65
41
38
95
9
78
31
93
43
13
75
36
74
25
53
71
95
45
84
19
41
43
48
94
6
24
55
28
36
24
73
12
94
1
40
23
42
79
10
92
13
83
97
54
87
92
69
7
37
56
32
38
22
92
34
61
25
88
48
25
93
66
72
62
50
9
64
58
48
26
84
35
71
38
89
58
22
11
11
20
10
14
95
31
86
58
99
72
75
84
29
53
22
82
74
86
55
34
76
62
55
35
74
40
18
27
56
59
78
50
67
52
83
62
82
31
0
80
48
13
4
79
2
88
58
0
50
20
39
62
26
83
37
51
90
13
94
65
68
70
91
24
19
96
67
80
83
1
68
43
65
42
96
8
67
7
50
31
38
92
75
83
16
19
88
34
8
4
19
12
95
66
94
5
16
0
1
13
84
61
22
27
81
44
7
93
52
69
52
24
66
13
23
8
16
1
55
16
35
54
40
32
31
11
26
99
93
52
32
23
40
92
19
72
96
55
52
62
41
51
42
51
15
73
95
25
40
98
51
80
24
55
10
5
2
94
23
28
35
92
97
56
62
37
50
49
35
63
0
29
2
72
75
99
45
98
75
82
30
0
10
31
6
51
17
59
14
3
41
12
65
32
60
3
52
81
44
46
18
80
35
79
31
0
72
1
7
61
2
67
1
19
42
13
22
34
53
67
41
64
73
73
48
44
89
47
17
75
71
69
64
2
49
89
84
64
96
9
42
50
81
53
80
65
71
33
88
76
82
4
57
43
18
25
31
27
39
71
92
28
69
0
6
77
17
70
65
44
55
6
97
98
28
39
33
1
7
24
95
40
43
21
0
76
8
20
56
51
43
40
67
3
45
15
99
73
24
98
62
62
5
77
36
7
54
81
15
96
80
69
35
8
61
4
28
78
8
84
47
90
85
11
73
36
4
80
75
93
26
61
99
68
63
50
17
1
1
87
98
92
37
65
45
99
40
57
67
49
32
47
61
58
93
13
66
4
21
29
4
47
51
95
69
50
36
48
53
66
83
65
57
9
67
40
40
80
44
82
96
73
50
93
54
97
14
29
53
98
60
34
39
69
83
72
30
59
48
80
11
13
61
39
10
82
60
26
77
20
5
24
67
92
46
76
21
92
6
82
68
83
65
25
31
40
53
69
63
99
92
70
24
26
6
17
60
31
30
14
24
71
26
8
71
55
10
98
38
95
11
67
82
82
29
8
22
60
54
89
8
91
23
33
11
48
44
76
59
45
56
77
32
98
68
13
94
8
96
47
2
38
58
9
19
47
46
27
48
66
46
83
70
98
33
98
86
49
1
83
15
35
79
86
38
83
67
7
3
54
12
56
45
93
22
57
23
87
87
52
38
64
73
49
71
8
10
13
41
7
18
66
68
73
78
22
1
43
38
34
34
38
68
29
58
20
37
80
46
93
97
13
15
42
35
39
0
58
35
57
21
11
79
45
22
44
93
33
77
57
35
30
3
27
10
66
2
75
57
88
68
81
94
58
88
14
63
59
30
43
55
83
61
1
92
16
81
67
44
58
36
3
40
4
74
98
9
58
56
89
51
43
21
8
65
16
97
23
70
54
59
72
54
18
74
21
48
12
41
7
80
87
3
24
66
70
55
78
45
18
65
24
95
60
1
70
22
83
5
89
28
97
33
12
92
83
44
95
28
87
2
31
24
13
45
83
45
14
90
87
91
89
76
82
92
11
32
86
54
47
52
75
21
23
98
28
50
38
26
27
84
59
24
20
64
7
87
6
92
55
27
42
86
33
66
9
72
77
23
88
35
7
79
78
4
44
72
15
35
87
0
53
24
59
56
29
73
71
76
19
96
37
94
58
10
3
18
35
21
32
68
5
48
72
30
43
62
20
49
57
87
9
79
5
67
83
48
26
77
1
10
72
78
88
3
99
11
94
81
77
16
42
44
28
86
46
80
12
79
31
75
7
19
45
71
62
7
19
5
16
22
91
77
39
59
72
90
50
26
28
78
63
64
49
63
17
31
56
86
46
11
18
4
72
30
70
55
50
34
63
19
14
12
3
18
29
14
30
55
23
34
10
54
21
39
59
42
41
22
67
51
13
65
91
34
25
16
69
92
47
33
16
79
72
5
61
68
62
17
25
38
32
36
27
21
55
19
63
11
99
87
70
35
65
51
80
12
29
61
90
13
42
79
8
23
95
91
23
8
54
94
52
23
64
54
25
90
53
17
18
67
32
59
34
64
38
99
64
22
28
6
53
47
68
58
69
20
7
17
31
74
25
3
21
51
8
94
1
41
