13
75
46
16
39
7
31
29
51
1
53
82
44
17
18
48
49
33
8
26
8
64
20
25
35
57
51
37
65
21
56
13
12
2
54
74
33
13
91
34
81
56
91
52
36
53
48
8
47
35
22
48
8
3
66
18
30
35
32
87
54
51
11
86
49
81
59
61
44
2
9
72
6
4
89
43
70
87
77
46
37
83
98
33
98
12
78
67
50
97
21
72
86
97
88
99
81
87
23
65
11
68
87
24
22
20
41
52
57
61
94
7
83
5
0
22
11
72
2
3
10
97
97
78
13
9
23
73
30
42
68
43
62
98
51
90
33
65
22
23
90
1
47
35
21
57
57
33
42
17
95
91
40
0
68
16
80
85
99
59
65
20
69
89
18
77
9
33
39
99
32
5
68
10
80
21
54
11
39
76
48
25
24
54
3
17
18
22
82
13
88
70
82
58
86
81
18
48
55
77
31
69
48
24
83
37
4
25
20
46
68
33
51
56
22
57
50
46
43
64
32
31
84
41
1
0
83
5
23
51
75
51
75
72
0
9
8
56
83
33
25
35
35
1
94
93
65
84
43
61
48
37
93
69
81
73
62
57
77
27
28
14
49
87
73
81
10
49
46
81
75
86
2
26
92
17
74
39
45
62
64
19
44
43
65
70
92
93
85
3
22
85
69
66
66
36
75
77
36
42
70
88
26
86
91
91
23
43
74
65
25
83
35
64
98
17
77
91
24
18
81
44
24
17
31
25
66
51
23
31
48
29
87
79
21
73
33
1
36
37
55
16
30
84
78
92
44
71
88
54
14
72
28
45
90
21
97
30
93
67
26
78
57
83
33
44
43
82
26
78
60
70
11
10
91
60
98
22
26
29
63
65
2
54
96
73
20
55
0
10
58
13
48
65
56
54
41
70
81
34
79
28
34
45
89
58
49
96
87
71
58
59
21
80
7
20
83
50
22
5
23
59
82
52
5
29
95
52
98
50
55
68
47
72
45
0
58
64
12
72
53
91
41
29
79
93
78
15
11
22
9
13
94
28
49
25
69
86
43
63
25
74
84
61
24
49
27
74
53
53
51
91
88
6
76
87
87
78
11
7
69
86
47
54
30
29
10
11
52
83
49
13
37
52
69
61
73
45
23
46
63
24
83
90
39
7
70
57
64
34
29
75
33
38
14
68
30
15
82
99
89
34
28
9
82
88
74
19
1
38
26
38
99
93
72
8
36
11
59
39
51
61
97
20
19
17
57
26
71
68
40
9
42
13
48
82
61
88
26
75
34
85
90
9
45
53
93
98
62
62
31
58
98
16
35
93
11
41
84
14
84
50
29
36
14
65
65
70
73
98
46
18
30
10
17
39
54
6
19
39
76
52
54
56
37
54
58
79
89
12
27
67
97
85
5
60
80
49
76
68
43
45
22
55
46
96
61
59
65
2
98
96
99
93
80
2
51
59
91
81
17
39
6
21
19
32
84
46
21
39
23
47
78
13
93
15
30
28
92
35
78
21
9
32
28
36
54
40
92
8
38
64
30
13
66
56
21
47
33
82
97
89
4
41
51
95
32
42
43
31
9
46
34
53
73
16
73
30
19
47
77
60
78
95
46
8
89
76
16
2
81
3
45
32
85
41
69
98
58
31
79
58
93
88
57
8
34
23
83
31
58
85
33
47
80
99
15
30
69
13
31
17
3
45
79
92
48
3
60
42
9
71
26
32
58
5
14
45
79
50
74
79
38
15
32
85
87
15
39
88
85
67
39
9
68
45
20
5
40
27
45
16
22
5
90
91
97
41
25
85
61
60
18
78
84
6
31
75
53
52
40
30
37
34
26
65
40
75
23
70
82
41
51
70
80
10
78
73
35
0
90
3
84
42
63
27
81
40
14
88
75
62
47
80
45
58
19
14
10
50
90
24
72
12
22
59
81
93
70
16
59
94
26
35
43
8
24
23
10
90
31
88
64
96
76
53
50
23
95
82
55
91
56
67
56
58
51
76
66
99
33
85
5
43
61
93
95
93
67
46
97
21
32
27
14
54
31
18
30
77
9
7
19
9
40
19
20
82
94
55
43
3
0
83
1
19
82
21
71
57
91
75
16
63
73
50
6
85
48
83
67
88
46
12
10
37
12
56
38
12
61
86
67
46
64
23
87
27
69
64
69
77
11
44
30
34
85
52
16
1
7
44
84
32
92
58
43
82
14
81
45
76
46
68
39
63
79
38
92
45
6
37
78
97
52
59
55
53
20
93
3
89
3
89
29
65
94
96
78
85
60
7
18
15
61
14
42
51
74
57
62
6
78
93
13
68
35
77
3
19
7
46
8
33
62
61
74
27
9
54
69
46
28
78
67
71
41
46
49
37
81
15
15
58
9
7
56
99
10
86
11
30
17
62
26
43
22
57
24
83
24
20
42
0
83
13
9
97
22
55
72
26
24
79
74
54
82
91
64
37
98
33
25
68
11
93
38
20
29
17
29
39
92
63
45
67
13
90
93
73
65
29
87
58
7
52
59
52
41
45
36
67
43
84
91
63
92
84
72
11
17
76
67
0
0
94
80
56
14
71
90
35
33
65
77
36
38
7
6
85
87
21
34
44
33
61
52
34
72
97
19
77
79
44
65
63
60
13
97
35
54
9
48
75
79
82
90
24
92
44
16
62
7
36
87
41
59
57
24
65
76
94
44
57
4
39
46
18
5
20
76
95
40
84
75
98
34
36
88
55
47
70
59
73
69
41
38
21
55
87
19
91
31
67
63
0
18
74
41
71
38
24
23
4
58
31
71
42
42
27
97
13
18
47
9
39
46
81
61
33
88
29
18
30
2
34
12
85
85
85
75
24
24
44
96
51
18
72
29
80
24
96
42
29
36
89
49
1
21
86
81
88
57
73
35
73
68
61
2
14
55
83
13
34
78
4
99
56
14
33
59
65
47
94
50
96
38
5
51
5
75
82
25
99
91
76
24
64
89
51
69
87
43
6
60
34
56
9
13
86
4
3
19
39
68
61
42
1
60
39
15
53
27
36
62
2
47
38
80
55
70
49
35
17
29
48
23
47
43
70
90
10
46
2
60
84
6
38
50
72
82
66
45
7
34
77
76
92
47
54
39
82
58
57
66
56
52
42
82
20
82
67
70
7
94
21
94
50
29
52
65
3
9
95
38
41
98
92
79
1
48
62
17
69
34
89
39
15
38
11
61
19
62
8
80
14
77
29
73
27
10
11
84
23
50
54
40
90
50
5
54
22
74
52
86
20
1
21
37
6
97
69
84
14
90
66
65
50
71
2
78
61
0
35
99
11
96
83
29
29
68
40
57
35
29
81
83
15
59
55
37
30
58
10
91
43
30
24
13
84
84
68
27
98
4
1
5
9
82
42
28
80
24
94
22
31
93
93
34
58
73
97
59
15
2
27
31
69
71
42
91
87
79
67
58
36
9
8
71
57
60
94
69
70
94
14
83
82
26
99
69
89
26
38
30
64
91
72
86
3
0
33
36
64
74
94
6
89
12
80
93
48
41
56
93
34
59
72
12
21
79
60
63
64
79
90
19
18
78
64
78
83
78
16
67
39
44
98
11
23
23
62
74
53
19
48
18
66
90
0
63
0
90
76
84
31
11
2
94
44
99
65
22
60
52
23
81
47
52
99
89
48
37
20
95
1
0
34
30
1
72
23
82
66
97
83
4
26
95
9
82
22
85
9
94
42
82
26
74
48
72
85
64
27
43
45
8
40
5
14
87
75
4
52
69
20
94
9
4
30
38
15
28
42
38
13
3
97
1
30
78
47
46
19
17
60
63
74
68
9
98
31
11
88
51
72
26
49
83
29
34
81
32
9
31
34
45
81
15
61
72
90
76
20
39
71
98
6
21
1
80
28
83
14
25
0
12
33
83
22
45
36
20
32
77
74
89
50
69
84
64
18
60
74
1
58
31
7
5
99
28
96
48
58
12
23
45
47
87
61
68
63
40
14
85
72
27
18
24
91
80
87
85
55
28
67
88
21
26
16
33
62
20
6
83
75
69
90
56
21
77
51
63
58
76
59
61
79
19
5
60
88
12
18
30
26
57
59
22
50
88
85
26
83
50
12
14
6
78
82
48
26
13
72
42
70
13
26
16
46
83
52
98
10
54
13
83
62
37
92
51
45
29
16
4
14
29
32
4
52
23
80
91
50
24
26
9
45
31
13
14
46
90
30
58
92
74
0
44
52
79
78
22
97
57
35
52
35
82
21
27
4
91
96
48
69
1
19
57
19
46
58
52
49
89
79
4
3
80
82
1
26
9
15
45
39
4
99
24
22
39
63
92
43
32
50
51
99
72
59
18
21
21
6
76
53
3
27
75
43
48
4
91
93
67
49
25
50
53
91
62
35
59
23
82
48
52
86
16
48
38
92
8
91
86
4
72
88
37
39
40
55
46
38
89
1
53
64
81
35
30
21
81
74
24
76
39
36
97
59
99
8
74
60
10
12
51
30
91
20
62
30
14
96
46
92
22
78
76
86
75
90
13
47
65
95
70
6
12
42
93
38
1
43
89
86
17
32
25
66
81
47
2
96
55
1
92
70
49
64
31
97
31
9
59
22
86
90
97
34
13
51
73
51
80
81
86
47
57
53
41
73
35
59
18
6
12
66
79
47
31
23
3
64
59
79
80
14
77
35
46
50
65
63
49
94
42
39
49
9
13
36
65
31
71
86
53
87
60
28
53
16
69
40
99
99
17
94
57
15
32
38
73
48
20
56
37
62
42
51
79
10
6
91
26
87
27
58
64
87
37
47
28
29
60
81
76
15
49
82
28
16
13
35
92
40
32
45
57
17
16
34
39
98
47
86
36
51
57
74
98
87
8
46
74
22
90
83
85
11
41
96
37
7
75
6
46
40
23
16
9
73
36
25
26
71
53
28
59
49
83
94
59
25
96
66
33
38
61
19
42
15
99
52
10
26
50
88
8
82
10
77
56
6
31
66
23
31
8
74
42
90
84
17
68
87
26
50
26
18
52
39
64
51
11
45
66
57
14
91
20
81
8
86
40
94
23
34
47
73
60
52
31
37
60
37
48
41
2
19
41
2
67
28
90
12
75
67
69
18
91
28
46
54
46
68
55
79
50
38
81
41
4
68
9
32
28
69
91
41
24
65
90
50
54
47
57
61
5
39
26
39
49
56
68
27
40
85
3
3
51
64
21
32
4
93
3
21
82
45
14
53
59
71
25
62
78
2
68
30
57
97
15
45
97
45
53
98
21
1
62
19
66
26
0
1
54
97
91
57
64
69
5
60
99
85
1
25
61
15
75
60
49
8
98
16
46
88
94
35
63
19
65
90
71
2
1
28
8
40
99
76
5
97
19
11
10
96
8
72
13
56
27
26
63
17
40
60
36
58
53
36
79
36
76
83
30
78
36
86
91
3
56
69
61
44
52
40
74
3
5
35
45
19
3
60
75
39
45
20
95
33
2
75
60
19
51
77
60
68
50
98
26
26
58
74
20
44
81
97
83
11
55
82
17
31
12
63
14
35
45
22
31
43
67
95
80
93
46
65
71
50
14
16
86
44
13
97
26
24
61
30
71
68
80
12
21
39
13
1
24
68
24
16
68
74
91
13
91
97
81
47
93
31
93
96
43
57
9
87
48
40
96
25
28
49
66
50
90
37
74
4
33
99
22
82
35
32
23
47
3
64
32
39
97
22
14
27
80
74
14
3
60
5
27
72
26
27
22
76
2
76
72
91
64
75
43
50
63
39
1
59
30
61
27
20
55
49
62
59
82
83
0
59
16
13
85
26
79
1
52
94
63
39
2
55
46
45
91
26
11
17
93
1
80
41
85
43
24
59
8
91
17
27
26
5
83
37
63
71
93
75
32
32
68
32
85
11
30
9
93
80
5
17
34
23
19
88
60
72
34
32
80
4
40
39
86
26
17
49
40
68
16
19
98
41
9
22
56
75
46
18
71
38
29
74
80
27
69
41
46
99
71
68
63
64
8
58
38
2
14
77
4
40
26
26
34
74
50
41
23
83
67
44
39
12
93
78
64
28
86
20
32
35
49
98
88
54
13
5
96
9
79
69
4
23
13
47
68
51
47
45
7
4
20
52
51
96
14
48
89
78
63
50
90
70
50
12
55
26
2
59
18
86
78
54
92
90
61
67
35
16
61
26
43
49
39
38
25
56
65
24
95
46
24
59
12
74
33
57
93
61
0
21
93
14
33
22
26
8
12
85
89
36
70
43
12
50
37
73
66
85
25
85
79
23
93
42
2
0
50
57
50
62
55
86
45
37
59
30
92
25
27
11
68
73
12
50
93
16
1
69
78
27
14
21
48
45
85
91
36
35
26
0
73
17
70
11
58
3
16
31
82
17
1
45
29
61
74
46
83
82
60
96
53
10
28
11
59
53
1
96
2
9
95
6
82
14
34
83
84
3
16
43
7
33
52
92
77
8
80
59
5
56
34
59
55
73
95
35
27
93
77
6
56
88
31
99
53
2
79
31
31
19
15
27
3
52
65
47
14
92
14
65
19
94
51
0
52
77
48
85
25
40
32
23
89
45
37
67
71
56
20
91
59
81
30
60
79
62
36
23
81
95
25
1
22
81
90
43
15
70
53
93
96
75
39
91
27
44
97
78
88
56
54
66
23
74
40
12
10
27
36
44
74
71
11
81
61
36
99
11
82
40
20
35
16
64
77
21
92
12
19
76
83
59
21
44
81
13
48
29
65
44
46
29
93
98
46
34
24
71
48
57
83
14
56
79
18
29
16
30
86
31
35
89
52
20
60
2
79
56
96
65
26
68
65
50
86
32
29
96
52
38
71
93
80
2
57
13
45
57
29
82
43
47
26
22
91
83
60
12
11
45
83
10
16
39
70
72
52
39
80
43
20
10
89
93
15
82
47
33
2
85
47
23
52
29
22
1
53
64
40
53
11
37
30
79
37
42
13
79
49
9
7
15
9
18
49
56
85
87
38
95
11
91
68
8
1
64
69
55
94
36
65
18
64
52
99
51
33
88
22
10
19
67
19
61
10
3
32
64
18
64
59
71
19
78
29
11
38
26
62
4
5
70
7
6
94
13
76
4
20
89
32
58
52
25
62
19
12
39
6
77
62
67
45
45
12
2
85
48
99
69
21
37
90
30
26
42
33
17
88
53
23
74
72
6
82
55
94
98
94
76
74
20
49
94
91
50
78
60
25
64
68
34
2
28
58
29
17
65
65
33
30
97
42
25
81
39
14
20
45
11
52
85
81
33
11
62
23
68
89
59
33
95
92
17
22
66
16
14
9
36
34
30
64
62
71
8
32
48
80
77
61
12
55
79
55
47
16
99
40
16
14
91
97
88
21
58
15
16
92
89
29
30
51
3
78
95
53
39
41
86
88
78
74
66
46
48
67
42
11
92
3
30
9
4
40
43
29
8
91
68
51
58
38
40
98
51
38
8
73
20
15
92
86
47
14
98
6
58
74
59
90
19
58
59
89
71
46
34
78
84
97
16
80
46
12
65
93
13
74
36
57
33
3
7
74
12
54
14
2
73
19
74
59
42
19
37
78
3
85
14
34
74
5
34
28
60
46
18
90
22
20
81
41
49
37
7
44
8
43
28
90
75
28
22
36
22
9
14
96
8
15
81
26
42
23
40
10
4
22
99
43
46
10
14
0
85
9
23
44
28
48
54
63
74
11
64
87
98
19
92
52
59
21
79
94
39
31
28
23
6
73
59
73
56
19
83
54
31
54
39
37
4
73
86
52
65
52
19
53
96
96
48
2
35
62
75
38
59
26
68
14
