50
88
24
31
91
36
47
21
80
5
30
8
92
9
34
98
22
68
35
62
20
35
32
82
96
29
19
57
54
37
8
1
17
15
42
77
9
44
35
37
62
46
36
70
70
77
25
36
11
71
65
66
59
2
40
33
43
39
35
42
81
96
25
23
21
35
4
37
75
59
40
79
86
73
7
95
49
63
26
2
19
89
72
78
61
69
49
16
41
68
10
41
34
15
40
90
35
49
66
11
92
19
77
36
76
42
86
8
45
13
63
87
83
46
36
4
80
39
62
16
44
74
79
77
29
72
56
11
6
55
55
4
22
13
59
77
84
77
94
0
18
65
27
61
35
35
19
29
57
14
94
74
91
8
55
10
68
61
96
58
39
71
91
8
60
89
31
40
36
71
51
28
36
4
34
35
29
19
83
72
36
80
79
8
19
75
70
93
46
30
43
71
69
68
56
70
81
19
90
34
65
15
45
27
34
13
44
49
8
78
69
58
65
50
41
99
35
46
47
18
87
1
82
83
4
95
64
58
63
54
86
84
77
34
15
50
82
46
78
94
41
85
92
94
16
8
70
88
68
41
87
44
78
92
98
84
9
6
64
49
68
55
1
60
43
30
94
40
42
85
86
52
90
71
5
38
9
29
63
17
85
76
46
68
37
84
36
35
55
23
59
99
2
30
86
12
4
37
73
62
48
79
22
62
75
72
44
86
0
62
65
96
2
75
15
21
62
69
27
29
67
18
18
3
83
75
37
6
75
59
17
68
98
16
21
20
23
12
8
15
57
64
79
63
76
3
99
72
86
63
83
52
72
61
69
98
0
5
71
80
60
78
50
29
49
67
67
50
70
64
50
61
23
60
76
16
70
51
45
36
9
41
48
34
58
98
7
75
21
54
94
84
96
8
35
45
61
34
36
60
32
11
50
87
4
5
67
34
49
12
71
50
59
37
82
5
90
92
57
99
30
4
80
28
75
60
53
37
86
47
20
10
58
73
79
57
46
70
37
28
32
89
86
9
64
13
85
55
59
4
95
9
27
75
60
51
63
90
96
41
72
23
72
16
76
31
18
24
34
18
35
84
79
6
25
62
0
6
10
18
22
68
16
78
11
25
62
16
98
83
15
88
99
34
26
42
69
80
11
68
89
34
66
69
51
51
74
20
71
27
16
24
54
14
69
46
24
69
42
81
20
10
0
75
35
27
60
40
65
24
5
24
25
18
8
2
35
56
86
20
41
94
22
3
40
53
38
15
57
38
60
73
44
51
84
17
75
99
69
46
53
43
5
49
19
33
71
13
52
94
73
65
93
81
82
69
99
78
38
64
89
5
48
92
10
31
66
70
5
86
77
84
92
58
95
6
27
37
78
89
77
16
2
4
93
77
68
49
23
44
54
31
97
33
91
45
31
32
76
92
79
48
68
11
62
64
22
80
16
40
93
50
39
95
2
45
63
25
22
90
56
79
2
64
70
12
88
38
62
92
70
52
47
73
7
65
16
73
67
34
52
27
65
4
96
37
12
3
33
23
77
38
4
43
77
32
54
0
59
38
12
83
90
37
83
72
72
27
9
10
62
81
42
37
84
95
27
16
65
42
81
49
94
48
68
33
28
71
70
10
16
61
40
47
54
17
8
46
29
17
78
25
82
96
81
52
40
18
89
12
53
96
24
52
48
56
2
44
67
68
42
54
55
83
38
46
50
40
74
51
69
60
62
61
68
56
67
62
80
91
24
15
55
26
30
60
47
14
17
16
49
0
50
36
72
60
47
99
19
3
41
15
96
34
10
31
96
0
66
72
7
33
64
71
1
70
27
57
11
38
94
34
51
50
6
35
48
40
58
95
93
45
61
29
62
88
33
61
37
89
23
46
0
96
60
39
96
68
55
42
64
83
40
76
8
82
85
5
49
11
48
72
68
47
54
71
51
55
55
29
16
75
14
96
64
16
96
91
87
87
46
28
86
99
16
8
10
42
57
60
65
9
12
48
19
97
52
51
92
53
93
34
0
60
7
85
84
62
73
44
88
64
3
51
50
53
97
62
86
11
44
68
99
18
54
67
35
74
66
18
32
20
82
49
55
91
78
54
97
92
10
29
84
62
8
51
87
9
11
40
23
0
40
99
95
2
3
59
68
58
42
3
50
10
46
12
6
66
99
3
94
31
67
26
14
74
27
15
13
19
11
88
19
83
67
47
26
53
18
10
33
18
74
40
4
37
62
98
48
42
6
28
70
43
5
48
31
11
94
9
80
91
12
29
39
32
82
1
6
72
72
83
39
70
60
75
81
15
10
79
27
6
51
92
51
12
92
61
67
74
99
95
68
61
26
92
99
76
22
13
29
45
40
87
65
57
30
53
54
14
8
12
40
34
97
37
1
90
18
16
49
11
39
6
77
30
62
88
82
22
89
51
69
69
38
52
1
4
37
34
97
5
15
72
14
80
26
65
18
94
50
22
22
68
42
5
48
72
12
33
24
63
56
91
12
76
91
8
56
46
45
41
88
51
88
59
79
93
92
41
63
14
73
24
2
12
40
94
79
92
62
67
51
15
26
60
1
91
46
71
81
39
22
52
25
38
17
97
36
59
9
52
21
35
61
23
0
13
17
59
80
74
91
19
17
13
29
27
53
52
0
75
86
25
84
45
50
93
73
15
20
86
3
20
47
6
13
11
25
75
21
69
74
58
80
24
11
1
76
0
6
8
40
10
44
90
79
9
2
71
65
8
5
1
75
91
97
69
2
26
9
59
76
60
21
65
31
82
4
92
42
10
30
80
91
15
34
86
42
7
2
94
88
96
48
97
17
86
35
65
75
86
7
69
77
71
62
17
72
13
9
94
61
75
7
50
79
31
65
74
79
49
72
73
43
48
84
42
29
53
41
11
93
66
76
0
30
20
11
19
89
70
2
18
91
65
83
12
99
32
97
49
72
53
9
56
81
11
58
75
59
91
32
77
15
98
60
65
17
65
38
28
53
84
87
32
62
25
57
52
40
48
34
36
19
0
74
59
59
53
2
36
34
90
34
85
1
59
78
91
76
31
33
46
85
15
79
2
72
98
57
40
88
2
15
58
82
2
54
62
3
14
3
26
68
68
73
41
32
32
15
23
25
5
78
82
7
0
78
29
22
34
36
58
11
87
45
68
90
14
69
45
60
19
26
84
44
98
16
11
11
25
90
60
33
1
92
73
15
90
70
28
56
19
80
24
84
10
99
30
83
70
39
36
91
87
3
55
93
59
27
62
79
82
61
11
72
93
12
1
80
53
1
4
90
38
51
57
3
71
30
95
21
56
88
55
54
78
49
43
48
93
30
5
7
64
90
11
54
62
96
76
42
49
47
12
32
7
44
4
73
70
94
75
20
13
25
58
33
13
1
75
82
34
26
58
67
50
85
57
67
24
70
64
9
67
62
58
97
22
3
99
41
44
30
16
72
16
41
93
47
91
51
68
21
91
77
96
12
52
31
24
35
67
12
95
58
14
80
58
39
6
96
9
60
76
75
23
89
99
11
44
24
80
18
57
54
44
93
82
45
87
20
49
37
10
32
80
1
34
93
25
85
4
7
5
88
38
97
30
55
88
89
87
84
48
91
14
61
8
81
90
47
86
32
8
43
26
33
86
85
39
19
46
50
76
4
45
80
62
39
17
89
36
6
90
53
88
26
41
78
65
1
99
37
49
66
63
52
7
67
95
74
34
76
22
35
98
88
24
6
85
86
87
49
35
83
77
20
47
62
95
1
77
77
73
96
20
15
33
59
49
87
2
53
26
24
69
69
6
82
66
2
74
26
17
33
5
78
77
39
77
68
47
5
17
77
80
30
32
6
92
29
15
83
90
17
8
45
90
42
87
82
3
68
33
86
94
46
9
53
84
77
99
52
6
72
5
94
43
34
24
16
21
79
22
97
77
38
54
92
25
39
34
0
7
1
91
